楊 001

|| 2 32 2 2316 | 1.2 353 2.3 565 | 3432 1.2 321 | 2 323 5.6 123 | 5.1 653 2.3 1235 |

| 532 031 2123 2 | 2.5 3532 1.2 321 | 2.3 5 5.6 54 | 5.6 121 1565 4.5 | 5232 1.2 45 5642 |

| 1.6 1 012 3552 | 2.31 2123 24 | 5.6 121 1565 4.5 | 5232 12 45 5642 | 1.6 1 03 2321 |

| 6123 1216 5 761 | 2.3 5 56 54 | 5.6 121 1565 45 | 5232 1.2 45 5642 | 1 012 3553 2454 |

| 5.6 121 1565 4.5 | 5232 1.2 45 5642 | 1.6 1 5.6 5653 || 2.1 2123 5.1 65 | 3.5 653 235 65 |

| 6.7 6 61 565 | 3.5 6516 5.1 6531 | 2. 12 3561 5632 | 1.2 353 211 2123 | 5.3 50 616 5653



第三次
| 1.2 35 6165 353 | 2 0 0 0 ||
